2747989952
2777190058
1107852855552049154
1230191990475837441
39204230
75469227
1477930118
1351872232679587841
58175014
26550607
2421391446
1537818132
1658894466
1368370312493080578
2675364056
1266356761302200322
1476223441
1120505236559409154
1213839050433449985
1420723975294910464
1251070734669090817
24287541
3179483194
2613823650
2605051318
1267204392115154944
1353889702374305793
2851288619
1867325696
74543849
2162067130
1314677523171680257
33184205
1226326083945013256
1424367446023053313
1423314229696864258
1145639455048572928
1202403711592603648
2438222132
2164966779
16273029
1323390174
1364579275387592712
1389527467216363520
16570203
1330759765
45223235
936079938
27677391
85283202
1585931262
3669631
1366580389825961984
1248740895375200256
1215447499059748865
2674726802
1093940100923191296
1294375516561190920
66340180
1167134481658068992
1213189363367964672
1356694348063244294
2855147038
40406122
21980204
15367365
32541972
1470106844
25444322
1363240536
1265089868
1213508102
1048604357162295296
1210209899751366657
9363452
1389089402287050752
1290134936842727424
1325175391166763008
19953326
45471543
2272137097
1412626677335683072
7614152
79201672
24319840
2316540020
1149026282920914944
14471686
1332425771655127040
69602104
1424886092780744706
1239251021009956864
1017084840825540608
1306019810573258764
1403433838454349824
1177156636495859712
17667206
74639372
1219573280
1287073798894678017
51309800
17729371
2222246324
53807330
1244714773624893443
15053754
1180595002503815168
1667078545
3029080685
33104719
49239249
1252246845998477314
1103718276
1229812888828882946
1399095901663211522
1038544878039433216
1288584604551647232
1105998534220894210
94903263
102572648
1352206511523713030
1266641846954057728
22204161
1092863863370833920
2258280560
1100253326879289349
1268692168736030721
1270540637994127362
1290868869159178241
1289835132
1442315268
1404062810
1336008514922184704
1422498590396764160
1934993737
1264995750317965312
1381775799318061057
1178003715233603584
1054634872780787712
1262652914620923908
2978588578
117864969
1324726996748914689
34417665
112780053
1046896700688723968
1445202847
1413205392
1111434851079675904
1226149593869672448
1291747182
1304196026329227265
3177086989
32518396
2833045817
1105840699201581056
1142487509374386176
2733709405
1107706896
1081273978272940032
2356683757
34677028
1314271805310468096
1351660054190071813
2903997122
23077870
1922271644
1153773471207497728
1238842424954425345
1346209128679665665
37465195
1423356215279583234
1075806244043132929
2157540287
1086145081
1286034684
17166387
3039658462
961387592
1226222949121843200
1159169100800757760
58051957
107612608
29729587
1290417913263009792
21150447
1327718229679095809
2397396445
1343598687419826176
1118927625043320832
2908478991
2435958930
1360939395688378369
1329948024798384131
1351798441
95262982
2291234335
1130835213582503937
922069555
89303029
88427831
2914635075
1276695060277596160
1242835778675204096
1178679767605731330
1327776876455194624
27416528
82448827
1107992860404707328
101431855
1226581013809258496
1348014749037047817
1218957113428529154
81397767
1091480400868843521
1163999212918444038
1348037994435919872
32517594
1112150395307073538
1283446537117405190
25199867
43245191
1473351925
58237351
1122701797
1181654791707070465
1026605587403079680
39387451
1265647763032879104
1406208139230257152
1325133163329417216
1360373447055077376
1938758232
1312895010212323335
35849210
1938077630
29031644
1553614086
103720722
1188186252610359296
1271947562086543362
51353013
1236303537358979072
22830235
1330489358575661062
954481765
1348662978590220290
1277215787330220032
1353742787582291968
18846224
3016524682
1576328190
1065113194908200961
1412165220387147777
1246485181713666048
14956358
9874942
85014108
2913933009
22837122
1295857923474825219
1353201987890917377
1376011831
30873999
2449479324
1343343875537076224
1630965793
24934648
73007812
1392624638
22053220
1284184980
33943932
1231369443290169344
1314092630775488512
1360693131671343108
24216012
2523237666
1134489443002454018
21916461
1168213988867334144
1378819749782687752
2840869542
1284545779286151168
74181810
1251584276350545924
1245790629998854144
2781994419
31460962
55674749
2835054911
1128409562048909312
1202675689205485574
2513235686
1164615704613675009
1634473694
1414257577064419332
2937360477
1210942304988450817
20702394
1287099176967376902
1226371699114958848
1317955513347428359
47691584
113996786
1102891297457623040
1586850474
1254904126443524105
1181500317784924160
1228572557793583104
2504624659
25717423
1345881127
1955282190
2591716508
1119487879032426496
57228415
61366620
1236559531959889921
1694390156
2902931482
1272188422107561985
1068595093798408192
1287829222510088192
1296737710346911745
1196242678175928321
1129586286
18838259
1355406758
19280261
1399826439285915653
81122568
2533823785
1197158342918955009
1248429979559317504
42655573
3009539732
23628293
1302319488768057347
1532947802
1330218097618333697
24552013
1177332981830225920
36312839
45968281
1304052798951227399
1932662647
120361644
2872920148
1252448132149006342
59814942
1111269409
1355093060212953088
1086995199199531008
23878825
1745444299
1245603195876814860
110311718
2238084336
2713724723
1095145439698014208
121228992
1207400068510371840
1325418804235673601
1325318301128425473
1403477163920084992
1181952375399092225
88303706
1269019167887261697
28378132
2402100636
1197231936940326912
1029195937258848256
2598214470
1283295561425334273
18124083
1385432502894940161
1393685377
2530835297
2586127826
1351019126404370436
1447540412
2872873144
1072497979460861952
2539102852
1241752474043768834
1349089690914316288
2906557406
2918088023
15713194
2180528834
24391757
1244356306632310785
18515608
27239546
1058293632615305216
1581989929
2551210303
930334916
36411279
102739178
22365812
1108675035886170112
1279427946344841216
1403773043852210177
22106094
2372488122
27801648
1363486667622014976
2963246853
3181081422
32328457
1347387487661006851
1078270075847802882
1129810854466248709
1335986212507627520
28674574
48132208
1268650879537700864
2808963775
1440138626
1111743590529724416
41816568
74563535
1157794351164080128
1348432321926594563
1361709432942583809
2367178499
28599487
1244691029468553216
2550874896
1237098065208602624
66267233
2544098874
1230722216
1130688711820079106
32903277
94411979
1329775560827002880
1399141615055343617
39861792
1135261376
2287693105
2829062082
1356031192391245827
5139801
930681120
2389183325
1452249282
1129848229963681792
2225827864
1154481306916409344
1298557056815779840
1347702421422747649
17764206
1295240027660791809
29584150
1299205355759521792
1088019121445445633
1120757476016709632
2880084329
2368926512
1412128813719461891
24951519
1110417447859838976
1128461218186956802
1683908030
1154894599204290560
21176045
946119746
1042080856729378816
24397584
2443425486
1241131113709436935
57087437
1463631080
1086410796870103041
1045554716
1324106207913824258
2224276897
18747186
85693971
1032282188245553152
27936437
33080350
1401550806873149443
35332229
30984034
977619834
2169506769
2187326844
2501855386
1162694995176034305
1282738004851752960
1315988831389220865
22707454
1092561685871804417
3151950054
2726568641
999418970
2300920142
1170962179694182400
1263620135761444865
2184959156
1254369686
1279484666777464833
14393068
1354499292
111090893
2395029378
1258159409286397952
1339614242291400704
1390800127963668481
1154082511254937601
2403746399
24951569
1106946548
915837860
1938177055
16472802
1046096201525878784
1367242454387339269
1183122457
1288734394677485569
56481865
1248281338140131328
23662500
1125903606849384448
20697111
1364091261171339266
2796687318
1324155152203419650
1155892274556882944
1037619026883739648
18560550
3183665034
2161351860
2221549729
1274403546419458048
2385184935
1226613048569466880
1295515647967989762
19797588
1045372480012124161
1328983301378306049
2684617105
3119080665
20905661
1599304765
1289407073751453698
18493710
35339316
6232052
50068736
2819505166
2972280713
1220536885090684928
1312135615434166279
3206775953
1959359540
1389740270632128512
2206169672
1096546055045304320
77024058
73788121
2973759094
1345179929286115328
1037127493784952832
76713592
1349056054605213696
1031796883
17790844
1406823756
1225335723248668672
1325636246
1279946053836591104
91517160
50711768
935879244
2854081929
1188678856875491330
43123974
1441739977
3128252881
16548466
1266431815298007042
15964666
22810177
21207001
2376573780
28799319
1265510477565739008
1277451251039350784
1296882302111408128
1080165556567846915
1297325117127753728
1103685482091896838
1243188935796445185
1344332139383308288
1643533056
2940723002
1360946951454404615
1271780603046825984
16110770
16702966
41534584
1204831301099896832
2384008381
96061175
1098294162993147904
36936073
16471280
76139735
1346879816910467075
48688255
1292262677532868608
89799352
924149022
1380376516933128193
1040516845
1378595925032017921
63052355
1047564426411266049
24764660
2955024303
3199075041
1082017050405584903
1146215779701907456
1302295437924331530
1856231407
2500876864
19155796
1249718852142784513
1253392234541711361
120266787
2769731868
1084526637956227072
54186540
2224317068
1223384444633067521
978355454
17598567
1651962102
1241141184673861632
35173043
43310921
1263906006108684291
1202392781123129344
34476357
1112872008
2896024932
3153348572
2148870424
1179145089760845824
1271274878981869575
47531878
1018037413
2952787651
1148951598594428928
969126109
83967276
1423180512
2168330993
1051526136486744064
1248549760102993921
1293538435077201920
17983733
51839302
2251246900
34749773
18542990
2572347061
1943856667
3020371107
1060981731489132544
1108563509225242624
32700143
1351715141872721925
36921594
2724595629
1184979251390369792
1412780141093306372
1172339673311531008
3047112349
22064255
1280474590205149185
1030256885687967744
1204912495795699713
1604551790
1080484080104427520
1229866015531634688
1322875405
2326755870
1168619358685421568
2288758921
2640140355
1284477410424041473
1670325392
38291999
1439570552
41943171
3170925475
1239686043319877636
3108928497
1351873965980086272
1084169956584030210
1122156056
1092237107249274880
1725653964
1218933744154947584
1179940674231099393
1383043646367395840
49478174
926781114
36367615
26514232
1095849208857485312
1269434061916975104
23691238
1227014680968695808
10001212
71934826
39782679
2783307971
1227637146137264128
2703513226
1231356114
2305435530
1268570800728276992
3216800375
1875710760
2289800488
2255383907
1411463522358239234
1311396532932009984
3141635426
1312759276440621069
1058117769604919301
47603518
1041964235671011329
1170919015
1178745627158749184
1410921455135514626
14227706
83227484
41766933
976369614
2986388982
1123719719851298816
22846618
1948543016
2926799482
67313763
1132178790761869312
2370214398
15116446
49523693
1158818158561521664
2574904722
1079132387605266432
63717772
1664718836
1347552761693360128
1348770810308259841
47353409
917399652
1350926660070240259
71650958
14070906
2983377000
1352054114205618178
40903566
3161348518
1318966990191603714
28037218
2457527204
2437761697
2499881774
2978679177
81484701
1238460109619187714
1265672650002558977
1132506609190658048
1422286680
2591675300
1043252638656147456
2752949832
996626748
1155461826005688321
2513397221
25398204
2794444376
1056213673398669313
1211106608836530176
2947868255
2832021548
1237764099066429440
114507020
2715822713
1278714520177967104
2268135619
1387452259718492161
1083439627799674880
1255643967993065472
113243806
928856250
1020590508
1234691594865008640
24219014
18453008
1918749528
1350100763029229571
1371154399293214722
2916951308
3115769308
2202072090
1092999122527895552
41373748
40856526
1247427307
1322060864304914432
1367126379414880258
1418929977605586945
90880377
1605740124
1306727408326733824
1325455035099213825
2186453322
1163517230
2309176698
2593495033
1010326561
1343565854
1088653099814801408
1324053703058509827
1331298945473994752
1223394725853646848
2940122255
57704702
2984340345
56197015
1242123800742854656
1348850879277879298
1294880859426902016
1447437536
44551516
2243449399
18481086
2510643518
1408068712960167947
55438679
1720957874
38465196
30202653
1236701319387365376
1423085095137722369
1056916465616601088
1218559697273356288
97286045
1238056163406741505
1411739764252975104
2359537176
14774513
18737621
1298063585998856192
3215130767
2157429175
1345080483420450816
19221709
66529507
24229947
1266456816013045760
27813944
34040037
41457907
52205384
1653366895
1290481714393780228
1345581920286072834
31212830
75916306
1268269348000542723
1064950180410269698
1078640776513548289
1195060475760758784
21849159
31977599
1239278075151605760
1571194010
1158501429360939009
1246023544791760896
1360234478
1355700566027100160
1578633854
1304201468761657344
3012741560
1317730201963429889
1350215182727856129
16161488
21555916
32128746
96963956
1133425540713500672
1314622122841403392
1217142877
1153476858350100481
1367524106149785602
1881598274
1010807215
1155192156
1359209281359282176
1578656010
1684400035
1090659897522470912
33654852
2256710300
1241846205908430849
1037007165305827328
2965952548
54439955
2981350315
1353526678555865088
1243016737102192642
12441022
2895777090
994390154
2429366460
2227726056
1102983978464825345
1295562432006545408
1305732037773463552
2459008796
1183142443933491200
97084619
1136999598
2828277842
1192879236668940288
27684566
90733366
1282497100606050305
100875470
1034473601511174144
2691604534
1217870931961335808
1047959478988099585
1319276830503784452
1712668908
17012371
2331011791
2337362095
2560679118
20207336
1852344356
1195770605737521154
1294693562416640006
1133950849057562624
1270708140548542464
1037817413553848320
1371217780293394433
1158932056338030592
1240168066735996929
1353557926158295040
1376944019561971713
1415520461098823680
1034020435
101895393
1218076646546333696
1370850520479502336
1409142716
1273982306726928385
1114273479115800577
1862612154
1240238418564714497
2231600652
1216926248
1100437319272812544
1276533589077667841
1351966192051826692
2934455345
1267589759695806467
1268345570113908737
15245596
25883656
30235042
1134593639546609664
916036448
40951210
23224924
1293208941485154305
3192624796
1224519409609465857
1245214176
1352284929107886081
74817852
1927116768
15247273
20491991
1969830907
2158188387
2293895684
22707228
3148876306
1136486839898988545
32930715
2919837844
1171896801382850561
1252414148090224640
1270756083964002306
48139252
1257834965221269505
3082546368
1100914498574143488
29123420
2267580794
83893838
1413500562
33968334
31369265
94656840
19900686
22570250
2196512865
3163491621
2181142150
1214780305791303680
1068646828520935424
1483438604
1180181151979208704
1081624414771326976
1144180039736446978
1311932723846508544
15085192
1334715144148975616
1313604869262106629
2593874994
1287368001155739648
1941154430