372732637
372890922
373640752
373644941
373716077
374032003
374040957
374380693
374673775
374871742
375363405
375457887
375744461
375884079
376452407
376932886
376939190
377224378
377305672
377513593
377524463
377557792
377563867
377773275
377788592
377854299
378147040
378241536
378407099
378521012
378547864
378650353
378819543
379166669
379218437
380043094
380262988
380384124
380520988
380664031
381244615
381281036
381641015
381759551
381790337
381954645
382205914
382368322
382717292
382737052
382856409
382886027
382974164
383663829
383749387
383827646
383895257
384140628
384162248
384391328
384852760
384860151
385101012
385108664
385162111
385298654
385688415
385717299
386072477
386215505
386221155
386228491
386284351
386543721
386599458
386642838
386696801
386759295
386766931
387142925
387462389
387488330
387751547
387844646
388022978
388187529
388383447
388563389
388567959
388602710
388618904
388656951
388797630
388818862
388820481
388876702
389528617
389641527
389659291
389716925
389758487
389792979
389807611
389950297
390251732
390756366
390856532
390894163
390968301
390993915
391051053
391053958
391141078
391472560
391616623
391920966
392288903
392303969
392391095
392425423
392440409
392515125
392519658
392661455
392931883
393007143
393054768
393183867
393210020
393249649
393614248
393701691
393723977
394056308
394082226
394196121
394256539
394361135
394374145
394824488
394984800
395481287
395953021
396123155
396263413
396386649
396430700
396895359
397314893
397435345
397487308
397764551
398024643
398104214
398406235
398577319
398959876
398997138
399083246
399126937
399342171
399760630
399812606
400089636
400192078
400222483
400299375
400352771
400379740
400669268
400783007
400836544
401007054
401048518
401662435
402091536
402336532
402386558
402442469
402495326
402851287
403118869
403244337
403356030
403498364
404160065
404163484
404525685
404840320
404946640
405107208
405123394
405376101
405684796
405841587
406752469
406831606
406909643
407065731
407148855
407203981
407217297
407318254
407357774
407807940
407825787
408279362
408610869
408683294
408864614
408978351
409046167
409109615
409432595
409651656
410076073
410218198
410276516
410572471
410910656
411096202
411697732
411744385
411845790
412314930
412396629
412410455
412422317
412528121
412606925
412693218
412735319
413081361
413305796
413407657
413536210
413888679
414201957
414230839
414410452
414425822
414468483
414942466
414997348
415210048
415448890
415693701
415949193
416032048
416255311
416386566
416709226
417071508
417105037
417172283
417487515
417580877
417683315
418110560
418140597
418559173
418560300
418755750
419204515
419640344
419659298
419912835
420053657
420838943
420995289
421075288
421171977
421279741
421417889
422058553
422087667
422122218
422449884
422850113
422918567
422974363
423031328
423040124
423522416
423629619
424759254
424915583
425133057
425422512
425513372
425556963
425580734
425706027
425818059
426066786
426172959
426611780
426869076
427064976
427072321
427250055
427506366
427704594
427743501
427943033
427982043
428084009
428548058
428836134
429152269
429189805
429588160
429646526
429938793
430187052
430208859
430280346
431009567
431089161
431249824
431468772
431548945
431783080
432048345
432215263
432574701
432627298
432835575
432900170
433185342
433461857
433650809
433686700
433893959
434270086
434343938
434492590
434506881
434699577
434718250
434817214
434941567
435350408
435714270
435950534
435982472
436127588
436239544
436454274
436533879
436866160
436902419
436993909
436997829
437085205
437157451
437195135
437606538
438427233
438612288
438614559
438756160
438798913
438897163
439341233
439797596
440027267
440307226
440418094
440542432
440992882
441063551
441113596
442374179
442787982
442907234
442976929
443053545
443109769
443260904
443343143
443428247
444204415
444768628
445020699
445203067
445898547
446088777
446757973
446802612
447305344
447905333
448208534
448630088
448893302
448975432
449065253
449226389
449304460
449429525
450209871
450267097
450991824
451003296
451113457
451201023
451291916
451373714
451400133
451662665
451837147
451897297
451912692
452250544
452288405
452560675
453526137
453637156
453952175
454658328
455111530
455118561
455245216
455413075
455980479
456073039
456639652
456839083
456877169
457248092
457476813
457963939
457995935
458710171
458815026
459460104
459674596
459836939
459855578
459881117
460475741
460482889
460643715
460984861
461548148
461713420
461802121
461808812
462121904
462546951
462567554
462728812
463116445
463481560
463640105
463837206
464074395
464195459
464309621
464324136
464809401
464982966
464983248
465217309
465233079
465816483
466319594
466389819
466770294
466964437
466992330
467573806
467740168
467784317
467938851
468063429
468097166
468178452
468755275
468917824
468941337
468974214
469064778
469095053
469428603
469457955
469484419
470179029
470351587
470381508
470438421
470597940
470752482
470762914
470808288
470820169
471330077
471579832
472511525
473185117
473315331
473386208
473537026
474046462
474304890
474319849
474366374
474489564
475004145
475030642
475172649
475461356
475838658
475863154
476112974
477287337
477393023
477592182
477968881
478073247
478186903
478407982
479205907
479445216
479545119
479900262
479953622
480173606
480655287
480796801
480819769
480875170
480957822
480987221
481039537
481523462
481632001
481638082
482135333
482241563
482338494
482454245
482613818
483169753
483330559
483360857
484069200
484114634
484153762
484286254
484297369
484418111
485019659
485376798
485416785
485677780
485777932
485778320
486211457
486252487
486288432
486460905
486738418
486908878
487197564
487228241
487642650
487770873
487804566
487856372
488024510
488080732
488314788
488625927
490366025
490384585
490393163
490478516
490561511
490595760
490606276
490764827
490782345
490825870
490946441
490990946
491157032
491524469
491648307
491667877
491884729
492010683
492283734
492425758
492702708
493583498
493739361
494138234
494402853
494441457
494659555
495315235
495396554
495918203
496306338
496819596
496925017
497027776
497343565
497877603
497982434
498077600
498194298
498443358
498946625
499150884
499475415
499690112
499823819
500394505
500468818
500472076
500773568
501220156
501397421
501799618
502292203
502393637
503832892
503890730
505836008
506151799
506452463
506473218
506696443
506905283
506923082
507026819
507538401
508034406
508300996
508307472
509583739
509798276
511051520
511247588
512467606
512608908
512764218
513309961
513340316
513707200
513724263
513883062
514462113
514915840
514974163
515663946
515964319
515979596
516649317
516695585
516817886
516868876
517163481
517199271
517671478
517944409
517946537
518213504
518248468
518406863
519081425
519208070
519836415
519959982
520018112
520148825
520407834
520480523
520779141
520967539
521004324
521275399
521343911
521652235
522318494
522615778
522711762
523622840
523776812
523841218
524056506
524632527
524789620
525006141
525738895
526453706
526573615
526798644
527489240
528098872
528558132
528942560
528967949
528990081
529102755
529735441
529784320
531159248
531793729
532380155
532437423
532722125
533027715
533348309
533495194
533739105
533864769
534368560
534385748
534587420
534720794
534729970
535055364
535254612
535572415
535584647
535647155
535674843
535837061
535962017
536272708
536889140
537005382
537295021
538467434
538528815
538928741
539573373
539869740
540050160
540286677
540300679
540353181
541369090
541494547
542413728
542605425
542845380
542990810
543072558
543414756
543536836
543585452
543662614
543905522
543984198
544446617
544698147
545653389
545769077
545996166
546539495
546998239
547049540
547155318
547647442
547670327
548741221
548814076
549745469
551169747
551258099
551335068
551423116
551871833
552221602
552333316
552592042
552826541
552949589
553159362
553620531
553691103
553739165
553774993
554597803
554758317
554769313
555225045
555282602
555691014
555984374
556155553
556514694
556558361
557190047
557194226
557328931
557395334
557424996
557432619
557664745
557802089
557813372
558000572
558058097
558090194
558134353
558207176
558293436
558301390
558368157
559250850
559906522
559998851
560196769
560507396
560740779
560817896
561098353
561367810
561446987
561622382
561720787
561799040
562060738
562170133
562777699
563112896
563921422
564052050
564062537
564804506
565248871
565508720
565933318
566383520
566607389
566866981
567500770
567591542
567673300
568606999
569503278
569538598
569577142
570121611
570269636
570326977
571044251
571702642
571914482
571976759
572137621
572368084
572972808
573141776
573173793
573355140
573590218
574162301
574166517
574184137
574610719
575590882
575610586
575913909
576185669
576452704
576613746
576669488
576750037
577059116
578124883
578769255
578847963
579085713
579162792
579287636
579343325
579381984
580198572
580559611
581431322
583217185
583931137
583953711
584300349
584544963
585143415
586306448
587521449
587727266
587782008
587939062
587957731
588032528
588307816
588366298
588376621
588750058
588872026
588980964
589208009
589889711
590181328
590181535
591104006
591257775
591408594
592010863
592403221
592499892
592751837
592784578
592887786
593513239
593539613
593813785
594307701
594428371
594798601
594890484
594903453
595022594
595162282
595212459
595230042
595528991
595642137
595774468
595997046
596297037
596302565
596951891
597011164
597335232
598437598
598973191
599430201
599630355
599709446
599787992
599857189
600055511
600089506
600458763
600631704
600648807
600744801
600955704
601148702
601459279
601980866
602184626
602320128
602334715
602477631
602509507
603068021
603133858
603339886
603646548
603937066
603970857
604133733
604315466
604404684
604825313
604890566
605757334
605917429
606301090
606761178
606891085
607357029
608171733
608268040
609049297
609286279
609579708
609789843
609956013
610042918
610215730
610348042
610378059
610698950
611789295
611822095
611916693
612057704
612159013
612202740
612219182
612397643
612518516
612557998
612576449
612817586
612894952
612983606
613086028
613089895
613150752
613239075
613546720
613654256
613796686
613937474
613980561
613988694
614241767
614526549
614808661
615485010
615672379
615932754
617072441
617083421
617171861
617226893
617230051
617619927
617772403
618360994
618425011
618514651
618536860
618620179
618803730
619329724
620604453
621113677
621170614
621292989
621355323
621459617
621524111
621859739
622188777
622266516
622453859
622663869
622870417
623058940
623132012
623532293
623641488
623937546
624170020
624827127
624847870
625164655
625331730
625772568
625800769
626045472
626131667
627330571
627594751
627732787
628567209
628800416
628800662
629359957
629575635
629751550
630031932
630248380
630509519
630804645
630850090
631432121
631501227
631640810
631843097
631906810
632355011
633620749
633642303
634055034
634949140
635597910
635701556
635723753
635786914
635869247
636069111
636148585
636397320
636754581
636759221
637197072
700359998
700416565
700443648
700499022
700511502
701207138
701251110
701475004
702203720
702667417
702800403
704046680
704373824
704836384
705472772
705590894
705675050
705722682
706120381
706357166
707059891
707287199
708101937
708105170
708139560
708352531
708428554
709147904
709211142
710209835
710882693
712607726
712883786
713354835
713473837
714430509
714581561
715018814
715331368
715461735
716280792
716905889
716919691
717697764
718783939
719136640
719985540
720037476
720245910
720464347
720634976
720776556
721056584
721469777
723005660
723175496
723859321
724589466
724800181
727498260
728108946
728343576
731019727
731636124
731981587
732685076
732706926
733032522
733932535
733991029
734129690
736357273
736710115
737332574
738080100
738930025
739177944
739493383
740985096
741841538
742496527
742843681
743016644
743333192
743356135
743364787
745892504
746247276
746332874
746658637
747085640
747153392
747577321
747757680
747811034
747945176
748123717
748523910
749593867
749830404
750436706
751778144
752100463
752231852
752299723
752708580
753271202
753358988
753388591
753770310
753945872
754038163
754241198
755607691
756535363
757267753
757917678
758693869
759581804
760273171
760337274
762178590
762583238
762712981
762806046
763010018
764955848
766870352
767334895
767478248
767722734
768188184
768514130
769236788
769702230
769822766
769915784
770009358
770525916
772234466
772600938
772787304
773145516
774755084
778559406
778669759
779038814
779224524
779500280
779915352
780269431
781288694
781970125
782413784
782445588
782473608
783086442
783957535
785048372
786134473
786179658
787934894
788218507
788220732
788240725
788375916
789829688
790905499
791607962
792119786
792910830
793056247
793057206
794448786
795355531
796493114
796792574
797026736
797104970
797408396
797491891
797700781
798898675
798957494
799068428
799257301
799531411
800748296
801330528
801558991
802138027
802817546
802844174
803174863
803557844
803639558
804430039
805270074
805594676
805907238
806052115
807057138
807894578
808097827
808189260
809484055
809585246
809693150
809852070
809937938
810145062
810449076
811583564
812117497
812139986
813758802
813785654
815213509
815538450
817401306
817483218
818280648
818734135
818900629
819739788
819770024
820099302
820419577
820596079
820837424
822398690
822502860
822937327
823008589
823412222
823885651
823996610
827333887
827805192
827981258
829277148
830281200
830324803
831348770
831534541
832170559
832264788
832405118
834528674
834672494
834754484
836000011
836131478
836206351
836227460
836275130
836436128
836524080
837009806
838135135
838453495
838938482
839722819
839777858
840326004
841024956
841472581
841766886
841798801
842287706
842763781
842847240
842870208
843606578
843652874
843863647
844631388
846453536
847523852
847564315
847789044
847873496
847979016
848177618
848324624
848434886
848963156
849583477
850015184
851926446
851932675
853031144
853370654
853703540
854402275
854481307
854874115
855113834
855485966
855679951
855723979
856478948
856719098
857644825
858756450
859701072
859753141
860608987
860645659
860709360
860726142
860777538
860944758
861164418
861400442
861558679
862063279
862194590
862504345
863306749
863994726
864833912
865128174
865317470
865737174
866240844
866479003
866809320
867378174
867917544
868187863
868670948
868896734
869042083
870773630
872649049
872683416
873998606
874282794
874349078
874779852
874791474
874933687
875560238
875967084
876303480
876754004
877486675
878511936
878999767
879059958
880624412
880625395
881062344
881232974
881396172
883545354
883831159
885291636
885626677
889577467
889863948
890437578
891274604
892157798
893931710
894839792
895382683
896014008
896159982
896536891
896541660
898126790
898888622
898979912
899715282
900225426
901711351
902534353
903951410
904161506
904596133
904824812
905130266
905279088
907075632
907115786
907159579
907349371
908610769
908913499
909434454
910896962
911756299
912091802
912664926
913062474
913068954
913383950
913584079
913587770
914883733
915141103
915239916
915837860
916036448
916078891
916739827
917287370
917399652
917413322
917902064
919217377
919668458
920257832
921521460
921983294
922069555
922083786
923570664
924037548
924047155
924149022
924431803
925630458
925699238
926628422
926647123
926781114
928311925
928401330
928759393
928828484
928856250
930061544
930072248
930212888
930334916
930518317
930681120
930798733
930906800
931112503
931314824
931396620
931708220
931968985
932620488
933044964
933342822
933475506
935462598
935879244
936071492
936079938
936322597
937521931
938105822
938391187
938607001
938925002
939041384
940090172
941227472
941444503
942226236
942447002
942759493
943389476
943950643
944210594
944583314
946119746
946197636
946259028
946344888
946758324
947650284
948708523
950426113
950883344
952829508
954169418
954481765
954493946
954540156
956254105
956257160
956279070
956724517
957244182
958523863
958724508
959128364
960464432
961306278
961307053
961387592
962818776
962900414
962971688
963847027
968616252
968675821
968989340
969126109
969132404
970225838
971842664
972238189
972672704
973218360
974633478
974669551
975158239
975295405
976348290
976369614
976734595
976969992
977543461
977619834
978355454
978489882
979006225
979382870
979516284
980313890
980841944
981017862
981105529
981670711
981688074
982564830
983059146
983062994
983264047
983809428
984996823
985354224
985779272
986723371
987278238
987389070
987633210
987698184
987844879
988130365
988226695
989741419
990962216
991394552
991432225
991783146
991824054
992130781
992147137
993369728
994025486
994053811
994130395
994390154
996028028
996200412
996626748
998271733
999334724
999418970
1000914636
1001756318
1003021471
1004850955
1005114426
1005343460
1005675566
1006335829
1006366477
1007432814
1007479718
1007650387
1008537452
1009794516
1010326561
1010807215
1014050905
1015750116
1015930964
1016735515
1017704522
1017962856
1018037413
1018143415
1020590508
1024142564
1024603969
1024744160
1027414980
1027539745
1027594430
1029396254
1031796883
1033943323
1034020435
1035000889
1036276542
1038112380
1040516845
1041167624
1043532493
1044541375
1045148286
1045554716
1045556737
1046454630
1046850684
1049560369
1051624602
1051706245
1052002705
1052163242
1054780268
1055956190
1056072667
1056524383
1056650696
1056716616
1057011823
1057056180
1057080500
1058015808
1059660918
1061475000
1061515982
1061630048
1061796270
1061799512
1062018650
1062173510
1062987985
1063732662
1063810429
1064463919
1064780736
1066455488
1068012698
1068799920
1069289706
1069768117
1069852626
1071490063
1072651464
1074275520
1074513757
1074649698
1075207813
1075228178
1078663723
1080781248
1081819903
1084139348
1084650420
1084746859
1084840842
1086145081
1086603308
1087202282
1087583534
1088196354
1089428887
1090729710
1090825045
1094149686
1095704359
1095901676
1096145328
1096509752
1097070361
1099038462
1099604935
1102016894
1102749780
1103718276
1104187718
1104404894
1104671629
1106946548
1107363032
1107600866
1107706896
1107946333
1111269409
1112486646
1112872008
1113993134
1114746523
1114886305
1114965841
1115353484
1117250042
1117969862
1119413712
1120323655
1120537310
1120816219
1122156056
1122480236
1122701797
1123329338
1125341580
1127884218
1129586286
1129909861
1134766662
1135261376
1135452404
1136999598
1137864427
1140620797
1140747002
1140863876
1140914516
1143991986
1144147326
1144214172
1145359988
1146735673
1146982058
1148408072
1149747295
1149846542
1152089382
1152342199
1152396852
1153599170
1155192156
1155445662
1159565604
1160001120
1160359153
1160525040
1163517230
1163528460
1163887880
1164129972
1164487040
1164575174
1164719995
1166951623
1167501800
1167581838
1168572306
1170919015
1172955426
1173547249
1176742284
1177367528
1179769604
1180906058
1181305388
1182698179
1182764336
1183122457
1183162296
1183330982
1184331950
1187027671
1187404148
1187461584
1187482286
1188054740
1190320711
1193963046
1195101564
1197708830
1201000416
1201509805
1202601152
1202949996
1203016532
1208761680
1209041436
1209041552
1209616784
1209705422
1210383974
1211061589
1213508102
1214044146
1214460704
1216639153
1216926248
1217028908
1217142877
1219573280
1219960154
1222263013
1223051215
1223111233
1223226776
1224406298
1224753522
1226641662
1226684522
1227090054
1227867174
1230369878
1230722216
1230753355
1231356114
1231369177
1232706649
1234764715
1235413010
1237666292
1239113718
1239420702
1239970512
1240476553
1242015180
1242064698
1242110101
1244385912
1244635909
1244645840
1244970163
1245140450
1245214176
1246618968
1246900826
1247220176
1247427307
1247466666
1247948718
1250395016
1251929324
1252589996
1252702320
1253073926
1254369686
1254443090
1255302918
1257060032
1257274412
1257300048
1257513764
1257711468
1257719485
1258002620
1258317210
1258593014
1260308840
1260676292
1261927339
1262195210
1263299538
1263567769
1264568815
1265089868
1265291700
1265377520
1265462167
1265716975
1266087331
1266323203
1267326588
1267826966
1268182650
1268265936
1270070708
1270904347
1271007120
1271219846
1271437694
1273753884
1274119266
1276701954
1277585012
1277880908
1278701004
1279219274
1279388760
1280399652
1281461714
1281604634
1282201926
1282480506
1283110332
1283499631
1284184980
1284392280
1284637550
1285909436
1286034684
1287751867
1289608506
1289835132
1289932908
1291651352
1291747182
1293120044
1293420648
1293802878
1299335678
1299697868
1299913472
1300682143
1300914098
1301800130
1301923506
1302660842
1305829658
1308313609
1309982478
1312666110
1314297019
1315423322
1315560806
1315660129
1317276487
1318122715
1318487442
1319102736
1320125714
1320695502
1320891505
1321683974
1321918538
1322670482
1322875405
1323214644
1323390174
1323745080
1324265089
1324297788
1325208404
1325636246
1326780690
1327107829
1330009939
1330414201
1330759765
1332308858
1335480577
1335520536
1338760724
1338985148
1339687584
1339709750
1339760053
1341744031
1342744531
1342781762
1343565854
1344022837
1344351572
1344776156
1345085245
1345649029
1345881127
1346156984
1346343362
1347449610
1347864602
1349738366
1350614954
1351490875
1351560482
1351798441
1354499292
1355259482
1355300899
1355406758
1355522737
1356012554
1356628364
1357096326
1357342237
1357756123
1357824296
1357977361
1358202516
1358202859
1358501365
1360234478
1360738508
1361871979
1362177019
1362803876
1362822391
1362866402
1363240536
1363740204
1364380482
1364441587
1365480481
1365864360
1365966151
1367588232
1368100356
1369285800
1369829306
1370377352
1370802067
1371594422
1373498935
1373585749
1375149396
1375879926
1376011831
1377020934
1377720967
1378001575
1378016222
1378152661
1378520066
1380748422
1380911827
1382414557
1383647425
1383905040
1384249748
1388455986
1390872433
1392624638
1393000536
1393286984
1393499070
1393556402
1393685377
1393695278
1398057781
1398415801
1398493284
1398532436
1399235713
1400074236
1400971734
1401181914
1401989294
1402587984
1403264108
1404062810
1405213399
1406326740
1406823756
1408992931
1409142716
1409391014
1410167208
1411470882
1413205392
1413500562
1413720188
1413778171
1416438306
1417195250
1419924511
1420607714
1420684711
1420716793
1421247884
1421453702
1421458982
1421991576
1422046574
1422286680
1423180512
1423303430
1423531074
1423707932
1424901937
1425429882
1426027886
1426844952
1426885070
1428430585
1431251502
1431773600
1432116541
1433330677
1434266918
1436153382
1436199277
1439570552
1439688582
1440138626
1440784603
1441739977
1442315268
1443697370
1445202847
1445448055
1447168231
1447437536
1447471014
1447540412
1449986335
1450096525
1450124702
1451739456
1452249282
1453255771
1453270633
1454705706
1455804468
1457593346
1457684252
1457910726
1458549206
1460468670
1460525491
1460798718
1460903310
1463631080
1465391281
1465827422
1466009443
1466125662
1466684832
1468356403
1468693381
1469919260
1470106844
1470227623
1470753973
1471019448
1472464970
1472948222
1473351925
1473459841
1474274960
1476092322
1476223441
1476891654
1477603135
1477916804
1477930118
1479711061
1480825675
1482336324
1482619262
1482825534
1483027550
1483115347
1483338446
1483438604
1484245165
1486413380
1488159120
1488822319
1489230480
1489242751
1489647110
1491143312
1491667722
1491795722
